Msg: 0x66 - 0xAC3B1000, 0x00000000, 0x00000000, 0x00000000, 0x00000000, 0x00000000
Status: OK
Msg: 0x65 - 0x00000000, 0x00000000, 0x00000000, 0x00000000, 0x00000000, 0x00000000
Status: OK
35.00
15.38
65.00
14.35
54.00
14.47
42.00
0.00
51.00
7.11
15.00
2.26
90.00
67.69
20.00
0.00
96.00
53.32
96.00
45.37
96.00
48.62
0.00
0.00
0.00
0.00
1861.95
1085.27
1.36
1.24
18.00
0.00
0.00
100.00
9.57
1.98
2.19
0.63
14.35
4.37
4.40
4.40
4.40
4.40
4.40
4.40
4.39
4.40
4.37
4.40
1.75
1.75
1.75
1.75
1.75
1.75
1.75
1.75
1.75
1.75
1.75
1.42
1.43
50.00
49.60
70.00
7.63
50.00
91.74
50.00
11.41
50.00
97.81
50.00
4.81
10.00
2.78
98.67
1.33
0.00
0.00
1600.00
400.00
0.00
0.00
1600.00
400.00
0.00
0.00
1600.00
800.00
0.00
0.00
0.88
0.65
0.00
0.00
1.24
1.23
7.11
9.57
0.87
0.87
2.26
1.98
0.00
0.00
0.00
0.00
0.00
0.00
0.00
0.00
0.00
0.00
0.00
0.00
0.00
0.00
0.00
0.00
0.00
0.00
0.00
0.00
0.00
0.00
0.00
0.00
0.00
0.00
0.00
0.00
0.00
0.00
0.00
0.00
0.00
0.00
0.00
0.00
0.00
0.00
0.00
0.00
0.00
0.00
0.00
0.00
0.00
0.00
0.00
0.00
0.00
0.00
0.00
0.00
0.00
0.00
0.00
0.00
0.00
0.00
0.00
0.00
99.99
0.00
0.01
0.43
99.97
1.07
0.06
0.14
0.00
2.77
100.00
0.00
0.00
0.00
0.00
1.91
0.31
0.03
0.02
0.01
0.00
0.00
0.23
0.01
2.17
0.26
50.91
1.00
0.93
0.72
0.69
1.12
1.22
0.97
1.00
0.95
0.92
0.85
0.83
0.95
0.92
0.93
0.74
48.78
49.72
47.47
48.09
50.90
51.84
51.01
51.35
84.41
91.61
75.39
79.38
101.07
110.62
101.44
104.13
8.44
8.04
7.23
6.88
8.20
7.89
8.01
6.32
2.82
2.70
2.44
2.33
2.74
2.64
2.68
2.18
0.75
0.63
0.44
0.37
0.80
0.84
0.62
0.55
23.33
18.75
14.40
12.66
23.28
23.57
19.22
22.39
76.68
81.27
85.61
87.40
76.72
76.43
80.78
77.65
0.00
0.00
0.00
0.00
0.00
0.00
0.00
0.00
0.00
0.00
0.00
0.00
0.00
0.00
0.00
0.00
0.00
0.00
0.00
0.00
0.00
0.00
0.00
0.00
4.40
4.40
4.40
4.40
4.40
4.40
4.40
4.40
0.40
0.40
0.40
0.40
0.40
0.40
0.40
0.40
0.00
0.00
0.00
0.00
0.00
0.00
0.00
0.00
37.27
35.70
32.65
31.73
36.15
36.13
36.05
28.97
4.39
2.69
2.56
2.27
3.52
2.63
3.15
2.97
0.29
0.18
0.19
0.20
0.32
0.09
0.19
0.09
0.37
0.41
0.26
0.27
47.64
52.06
149.78
215.03
2.73
2.79
3.26
3.32
0.00
0.00
29.05
29.69
3.24
3.46
0.00
0.00
15.90
16.59
0.07
0.11
0.01
0.00
0.73
45.37
10.45
567.72
34.26
7.63
95.88
68.60
0.01
1583.87
1583.87
1589.34
400.00
400.00
470.78
457.14
200.00
302.35
835.41
1583.98
1583.94
1595.58
0.00
0.00
468.69
455.82
0.00
0.00
0.00
1200.00
975.00
866.67
780.00
678.26
624.00
557.14
400.00
975.00
866.67
742.86
678.26
600.00
537.93
472.73
400.00
975.00
866.67
780.00
678.26
600.00
520.00
445.71
400.00
866.67
780.00
709.09
650.00
577.78
503.23
445.71
400.00
557.14
503.23
458.82
410.53
371.43
331.91
300.00
200.00
742.86
624.00
537.93
487.50
433.33
390.00
346.67
300.00
847.06
757.89
685.71
626.09
576.00
514.29
464.52
400.00
0.00
0.00
0.00
0.00
0.00
0.00
0.00
100.00
12.29
0.00
0.00
0.00
0.00
0.00
0.00
87.71
12.29
0.00
0.00
0.00
0.00
0.00
0.00
87.71
0.00
0.00
0.00
0.00
0.00
0.00
0.00
100.00
0.00
0.00
0.00
0.00
0.00
0.00
0.00
100.00
98.67
0.00
0.00
0.00
0.00
0.00
0.00
1.33
0.88
0.85
0.80
0.77
0.73
0.70
0.68
0.65
0.00
0.00
0.00
0.00
0.00
0.00
0.00
0.00
0.00
0.00
0.00
0.00
0.02
0.02
87.71
1.33
1.33
100.00
0.04
0.00
0.00
0.00
0.00
0.95
0.75
1.19
0.48
0.01
0.06
0.11
0.57
93.75
1.43
1.58
1.16
0.02
0.00
0.00
0.00
0.00
1.00
200.00
5.00
400.00
100.00
400.00
400.00
400.00
600.00
200.00
63.86
0.00
0.00
0.00
0.00
0.00
0.00
0.00
0.00
0.00
0.00
0.00
0.00
0.00
0.00
0.00
0.00
0.00
0.00
0.00
0.00
0.00
0.00
0.00
0.00
0.00
0.00
0.00
0.00
0.00
0.00
0.00
0.00
0.00
0.00
0.00
0.00
0.00
0.00
0.00
0.00
0.00
0.00
0.00
0.00
0.00
0.00
0.00
0.00
0.00
0.00
0.00
0.00
0.00
0.00
0.00
0.00
0.00
0.00
0.00
0.00
0.00
0.00
0.00
0.00
0.00
0.00
0.00
0.00
0.00
0.00
0.00
0.00
0.00
0.00
0.00
0.00
0.00
0.00
0.00
0.00
0.00
0.00
0.00
0.00
0.00
0.00
0.00
0.00
0.00
0.00
0.00
0.00
0.00
0.00
0.00
0.00
0.00
0.00
0.00
0.00
0.00
0.00
0.00
0.00
0.00
0.00
0.00
0.00
0.00
0.00
0.00
0.00
0.00
0.00
0.00
0.00
0.00
0.00
0.00
0.00
0.00
0.00
0.00
0.00
0.00
0.00
0.00
0.00
0.00
0.00
0.00
0.00
0.00
0.00
0.00
0.00
0.00
0.00
0.00
0.00
0.00
0.00
0.00
0.00
0.00
0.00
0.00
0.00
0.00
0.00
0.00
0.00
0.00
0.00
0.00
0.00
0.00
0.00
0.00
0.00
0.00
0.00
0.00
0.00
0.00
0.00
0.00
0.00
0.00
0.00
0.00
0.00
0.00
0.00
0.00
0.00
0.00
0.00
0.00
0.00
0.00
0.00
0.00
0.00
0.00
0.00
0.00
0.00
0.00
0.00
0.00
0.00
0.00
0.00
0.00
0.00
0.00
0.00
0.00
0.00
0.00
0.00
0.00
0.00
0.00
0.00
0.00
0.00
0.00
0.00
0.00
0.00
0.00
0.00
0.00
0.00
0.00
0.00
0.00
0.00
0.00
0.00
0.00
0.00
0.00
0.00
0.00
0.00
0.00
0.00
0.00
0.00
0.00
0.00
0.00
0.00
0.00
0.00
0.00
0.00
0.00
0.00
0.00
0.00
0.00
0.00
0.00
0.00
0.00
0.00
0.00
0.00
0.00
0.00
0.00
0.00
0.00
0.00
0.00
0.00
0.00
0.00
0.00
0.00
0.00
0.00
0.00
0.00
0.00
0.00
0.00
0.00
0.00
0.00
0.00
0.00
0.00
0.00
0.00
0.00
0.00
0.00
0.00
0.00
0.00
0.00
0.00
0.00
0.00
0.00
0.00
0.00
0.00
0.00
0.00
0.00
0.00
0.00
0.00
0.00
0.00
0.00
0.00
0.00
0.00
0.00
0.00
0.00
0.00
0.00
0.00
0.00
0.00
0.00
0.00
0.00
0.00
0.00
0.00
0.00
0.00
0.00
0.00
0.00
0.00
0.00
0.00
0.00
0.00
0.00
0.00
0.00
0.00
0.00
0.00
0.00
0.00
0.00
0.00
0.00
0.00
0.00
0.00
0.00
0.00
0.00
0.00
0.00
0.00
0.00
0.00
0.00
0.00
0.00
0.00
0.00
0.00
0.00
0.00
0.00
0.00
0.00
0.00
0.00
0.00
0.00
0.00
0.00
0.00
0.00
0.00
0.00
0.00
0.00
0.00
0.00
0.00
0.00
0.00
0.00
0.00
0.00
0.00
0.00
0.00
0.00
0.00
0.00
0.00
0.00
0.00
0.00
0.00
0.00
0.00
0.00
0.00
0.00
0.00
0.00
0.00
0.00
0.00
0.00
0.00
0.00
0.00
0.00
0.00
0.00
0.00
0.00
0.00
0.00
0.00
0.00
0.00
0.00
0.00
0.00
0.00
0.00
0.00
0.00
0.00
0.00
0.00
0.00
0.00
0.00
0.00
0.00
0.00
0.00
0.00
0.00
0.00
0.00
0.00
0.00
0.00
0.00
0.00
0.00
0.00
0.00
0.00
0.00
0.00
0.00
0.00
0.00
0.00
0.00
0.00
0.00
0.00
0.00
0.00
0.00
0.00
0.00
0.00
0.00
0.00
0.00
0.00
0.00
0.00
0.00

    Boost Limits
STAPM Limit:            35.00
Fast Limit:             65.00
Slow Limit:             54.00

    Boost Durations
Fast Boost Duration:    5.00
Slow Boost Duration:    200.00

    Other Limits
TcTl Temp:              96.00
EDC Limit:              51.00
TDC Limit:              90.00
SOC EDC Limit:          15.00
SOC TDC Limit:          20.00
